21781456.000000
15822809.000000
16178700.000000
16282092.000000
16581815.000000
16271137.000000
16862018.000000
15636009.000000
16264844.000000
16868616.000000
16439448.000000
16241278.000000
16663557.000000
16056899.000000
16428017.000000
16417441.000000
16544508.000000
16215886.000000
16787196.000000
16649049.000000
15674588.000000
16918270.000000
16292878.000000
16258629.000000
16706584.000000
16074897.000000
16520473.000000
16340501.000000
15817073.000000
16102009.000000
15825940.000000
16802244.000000
15627256.000000
16134628.000000
16740206.000000
16475866.000000
15664032.000000
16357453.000000
16440977.000000
16445113.000000
15536569.000000
16042723.000000
16967118.000000
16528913.000000
15357982.000000
15793467.000000
15799772.000000
16463924.000000
16461126.000000
16538095.000000
16216849.000000
16957940.000000
16123082.000000
16224844.000000
16549505.000000
16539405.000000
16137084.000000
17019778.000000
16728839.000000
16381013.000000
15807997.000000
15687458.000000
16320384.000000
16869536.000000
16023905.000000
16385583.000000
16447517.000000
15571100.000000
16129963.000000
16455572.000000
15957493.000000
16519197.000000
16233988.000000
15434338.000000
15940685.000000
16465550.000000
15700197.000000
16044281.000000
16295024.000000
16712730.000000
16247889.000000
16902546.000000
16174100.000000
16547892.000000
16822460.000000
16242950.000000
15335269.000000
16621166.000000
16229668.000000
16732687.000000
16152460.000000
16158419.000000
15847264.000000
17347000.000000
16268763.000000
16109797.000000
15988796.000000
16387099.000000
16713874.000000
16178462.000000
16609401.000000
16563839.000000
15939844.000000
16547759.000000
16644679.000000
16761617.000000
16336669.000000
15743780.000000
16903722.000000
15777899.000000
16657614.000000
15664873.000000
15921468.000000
15679641.000000
16627481.000000
16969864.000000
16335029.000000
16426910.000000
16430475.000000
16531215.000000
16017368.000000
16007933.000000
15703530.000000
16486889.000000
16620833.000000
16159878.000000
16432921.000000
16355767.000000
16286110.000000
16541403.000000
16606102.000000
16223166.000000
16426080.000000
16452806.000000
16716952.000000
16400220.000000
17071276.000000
16189128.000000
16101120.000000
16164943.000000
16313575.000000
16584783.000000
16275748.000000
16360338.000000
16293786.000000
16072344.000000
16578923.000000
16216530.000000
15882574.000000
16119208.000000
16465841.000000
15960501.000000
16838194.000000
16226075.000000
16676210.000000
16114062.000000
16191897.000000
15747962.000000
15910683.000000
16454014.000000
16208249.000000
16272776.000000
16146175.000000
16951998.000000
16102251.000000
16623769.000000
16429592.000000
15998766.000000
16444818.000000
16985228.000000
16479194.000000
16364917.000000
16702937.000000
16862874.000000
16258158.000000
16196901.000000
16597907.000000
16527913.000000
15872907.000000
16727407.000000
16068081.000000
16676376.000000
16202128.000000
16392184.000000
16311502.000000
16027430.000000
16495457.000000
15624981.000000
15541666.000000
16266378.000000
17021610.000000
16444021.000000
16060277.000000
16401708.000000
16505064.000000
16908728.000000
17118166.000000
16891132.000000
16383139.000000
16321564.000000
16361180.000000
16518082.000000
16907656.000000
16339841.000000
16258386.000000
16855554.000000
15664629.000000
16163124.000000
16432032.000000
16306073.000000
15868469.000000
17073072.000000
16087811.000000
16226614.000000
16132438.000000
16532148.000000
15765027.000000
16184460.000000
16948868.000000
16041580.000000
16818716.000000
16401541.000000
16370603.000000
16545420.000000
15927278.000000
15761591.000000
16721573.000000
16565816.000000
16117277.000000
16503630.000000
16860270.000000
16382708.000000
17118730.000000
16001126.000000
16229994.000000
16264931.000000
16274665.000000
16065972.000000
15962355.000000
16177318.000000
16384361.000000
17262086.000000
16039084.000000
16814252.000000
15995997.000000
16153815.000000
16386535.000000
16260313.000000
16806108.000000
16329706.000000
15714709.000000
16344332.000000
15485092.000000
16345244.000000
16301045.000000
16108088.000000
15858010.000000
15740916.000000
16192364.000000
15767655.000000
16073154.000000
16038054.000000
16615664.000000
16197692.000000
16912990.000000
16369323.000000
16180699.000000
16299694.000000
16063330.000000
16923742.000000
15587622.000000
16337220.000000
16625503.000000
16654599.000000
15992141.000000
16994504.000000
16565088.000000
16479627.000000
16244639.000000
16404304.000000
16176779.000000
16192312.000000
16400002.000000
16987500.000000
16458922.000000
15740905.000000
16827196.000000
15679655.000000
16252967.000000
16209084.000000
15861038.000000
16322452.000000
16416552.000000
15788097.000000
16110367.000000
15936526.000000
15953699.000000
16435189.000000
16587334.000000
15827933.000000
16576086.000000
16118998.000000
16310596.000000
15981764.000000
16200932.000000
16250976.000000
16242869.000000
17186286.000000
16043015.000000
16366424.000000
15902399.000000
16124157.000000
16256880.000000
16298115.000000
15798239.000000
16504195.000000
16342254.000000
15978395.000000
16556154.000000
16267981.000000
15961693.000000
16141143.000000
16126371.000000
16697661.000000
16464502.000000
16485545.000000
16514055.000000
16281745.000000
16368995.000000
16244647.000000
16339268.000000
16333814.000000
16360257.000000
16630904.000000
16504250.000000
15879260.000000
16296577.000000
16749911.000000
16392445.000000
16901950.000000
16163446.000000
16492072.000000
16003976.000000
16265102.000000
15754353.000000
15810605.000000
16125660.000000
16653186.000000
16657357.000000
16240656.000000
16239819.000000
16058413.000000
16859362.000000
16315610.000000
15924220.000000
16673228.000000
16293140.000000
17213262.000000
16678299.000000
15633666.000000
16318774.000000
16534745.000000
17058074.000000
16290813.000000
16842106.000000
16197165.000000
16152849.000000
16735906.000000
16609887.000000
16613671.000000
16353079.000000
15995238.000000
16337962.000000
16304311.000000
16318573.000000
16229822.000000
16500375.000000
16290821.000000
16019791.000000
16853322.000000
16405487.000000
16234337.000000
16570604.000000
16706730.000000
16491153.000000
16290742.000000
16448687.000000
16526960.000000
16542155.000000
16336102.000000
15983490.000000
16207424.000000
16636071.000000
16448094.000000
16492413.000000
15710659.000000
16053576.000000
16309831.000000
16698513.000000
16414751.000000
15640252.000000
16325468.000000
16376159.000000
16067616.000000
15598564.000000
16249783.000000
16337816.000000
16228443.000000
16358185.000000
16348656.000000
15847271.000000
16280636.000000
15981624.000000
16713515.000000
16879174.000000
16679932.000000
15659911.000000
16442109.000000
16173468.000000
16931304.000000
15944559.000000
16059264.000000
16076724.000000
16424650.000000
15901213.000000
16462989.000000
17027824.000000
16636246.000000
16414293.000000
16289058.000000
16312194.000000
16039386.000000
16110191.000000
16511766.000000
16690776.000000
15561782.000000
16135258.000000
16505169.000000
16683973.000000
15975010.000000
16788880.000000
16125184.000000
16361892.000000
15943799.000000
16323132.000000
16439242.000000
16245977.000000
16019973.000000
16478194.000000
16204779.000000
16273706.000000
15566277.000000
16550848.000000
16524478.000000
16799494.000000
16133686.000000
16069876.000000
16436781.000000
16040738.000000
16129914.000000
16310914.000000
16069895.000000
15836546.000000
15991580.000000
16323444.000000
16361365.000000
16590013.000000
16201246.000000
16491471.000000
16264693.000000
16329755.000000
16399099.000000
16586862.000000
16013320.000000
15652461.000000
15213073.000000
16351400.000000
15837820.000000
15872682.000000
15977807.000000
16371012.000000
16695586.000000
15931460.000000
16075089.000000
16070174.000000
15641907.000000
16329754.000000
16107128.000000
15718768.000000
16075255.000000
16070808.000000
16522475.000000
16139992.000000
16563337.000000
16383221.000000
15718805.000000
15916930.000000
16448503.000000
16388452.000000
16846274.000000
15730111.000000
16522602.000000
16250359.000000
16106692.000000
16806804.000000
16062805.000000
16140677.000000
16085890.000000
16479371.000000
16946592.000000
15739785.000000
15917752.000000
16584312.000000
15638049.000000
16033234.000000
15790195.000000
16318601.000000
16006927.000000
16624386.000000
15924804.000000
16396333.000000
16173732.000000
15855139.000000
15967704.000000
16161347.000000
15973389.000000
16868424.000000
16503161.000000
15941992.000000
15923455.000000
16000498.000000
16292223.000000
16658525.000000
16563532.000000
15836525.000000
15940113.000000
16573083.000000
16490831.000000
16314026.000000
16636767.000000
16461460.000000
16369708.000000
16076631.000000
16883054.000000
16094912.000000
16478586.000000
15720747.000000
16285703.000000
16966260.000000
16742749.000000
16128598.000000
16410498.000000
16118696.000000
16385487.000000
16609626.000000
16551435.000000
16594896.000000
15397158.000000
16070291.000000
16231415.000000
16066503.000000
16685468.000000
16241508.000000
16108791.000000
15891678.000000
16260965.000000
15643988.000000
16541853.000000
16404098.000000
16283111.000000
16409835.000000
15993878.000000
16338680.000000
16724708.000000
16429221.000000
16076266.000000
16168763.000000
16220398.000000
16250288.000000
16251534.000000
16406785.000000
16141449.000000
15913465.000000
16081493.000000
15841088.000000
15937592.000000
16315403.000000
16351548.000000
15430909.000000
15959582.000000
16053869.000000
16203087.000000
16106549.000000
16332331.000000
15760725.000000
15990733.000000
15890886.000000
16450715.000000
16216713.000000
16374005.000000
16123239.000000
16345726.000000
16133574.000000
16558880.000000
16849646.000000
16511170.000000
16006351.000000
16610245.000000
16606627.000000
16230947.000000
16466348.000000
16382974.000000
16290967.000000
16655793.000000
16533179.000000
16465730.000000
16454694.000000
15709439.000000
17140112.000000
16847852.000000
16121713.000000
15688261.000000
16055397.000000
16548828.000000
16644987.000000
15926696.000000
16832302.000000
16651144.000000
15507953.000000
16331768.000000
16676702.000000
16411630.000000
16328213.000000
16061225.000000
15869466.000000
16636114.000000
16286807.000000
15787157.000000
15947442.000000
16180463.000000
15567659.000000
16256535.000000
16525865.000000
16239298.000000
16829462.000000
16835690.000000
16778096.000000
16215841.000000
15895892.000000
16322017.000000
16047891.000000
16331709.000000
16366393.000000
16787468.000000
16092242.000000
15865598.000000
16164681.000000
15870978.000000
16684881.000000
16470771.000000
16928054.000000
16700987.000000
16222676.000000
16447415.000000
16836496.000000
17472422.000000
15939447.000000
16025200.000000
16770131.000000
16165702.000000
16680275.000000
16575884.000000
16291919.000000
16491357.000000
16466044.000000
16498885.000000
15914746.000000
16503755.000000
16313997.000000
16404586.000000
16527377.000000
16262961.000000
16406667.000000
16392642.000000
16032272.000000
15860685.000000
16036238.000000
15961270.000000
16299291.000000
16357335.000000
16144462.000000
16094229.000000
15179989.000000
16925870.000000
16363061.000000
15946458.000000
16038428.000000
16110459.000000
16583613.000000
16456727.000000
15802395.000000
15568210.000000
16638641.000000
16314764.000000
16332297.000000
16560077.000000
16403988.000000
16378100.000000
15870378.000000
16123625.000000
17089520.000000
15885356.000000
15987253.000000
15991032.000000
16419909.000000
16900610.000000
16290110.000000
16393139.000000
17071898.000000
16128028.000000
15775388.000000
16620309.000000
15458810.000000
16421821.000000
15516307.000000
16297317.000000
16840928.000000
16475571.000000
16268167.000000
16767065.000000
16175440.000000
16273176.000000
16704893.000000
16409514.000000
15966112.000000
16152233.000000
16588349.000000
16277971.000000
16089333.000000
16172420.000000
16546052.000000
16202066.000000
16296900.000000
16621836.000000
16653317.000000
16438284.000000
15916376.000000
16369530.000000
16510514.000000
15988137.000000
17111604.000000
16444950.000000
16485759.000000
16669086.000000
15950806.000000
16049107.000000
16219015.000000
16582596.000000
16232795.000000
16351125.000000
16262668.000000
16829296.000000
16010799.000000
16917886.000000
16019209.000000
16349268.000000
16629799.000000
15789949.000000
15989085.000000
15910216.000000
16162260.000000
15844274.000000
16237678.000000
15837051.000000
16438379.000000
16393891.000000
16542737.000000
15923318.000000
16185778.000000
16310046.000000
16184332.000000
16692784.000000
16833276.000000
16861270.000000
16442705.000000
16266373.000000
16433285.000000
16936568.000000
16657842.000000
16138723.000000
16195172.000000
16322966.000000
16001583.000000
16916148.000000
16254291.000000
16274219.000000
16624452.000000
15543515.000000
16035009.000000
16249173.000000
16274859.000000
16542415.000000
15573005.000000
16678645.000000
16431168.000000
16345489.000000
16550247.000000
16830858.000000
15757123.000000
15791082.000000
16716461.000000
16061242.000000
16661628.000000
16247823.000000
16600158.000000
16769271.000000
15646051.000000
16383092.000000
15685796.000000
16644193.000000
16367729.000000
16982302.000000
16397192.000000
16293744.000000
16296732.000000
16722921.000000
16413276.000000
16419753.000000
15814297.000000
16651009.000000
16446753.000000
15804596.000000
16554688.000000
15737329.000000
16719816.000000
16235714.000000
15819461.000000
16586337.000000
16397677.000000
15987610.000000
16150019.000000
16644505.000000
16624646.000000
15820121.000000
16656344.000000
15935450.000000
16468356.000000
15750923.000000
15837210.000000
16455493.000000
16440185.000000
16591706.000000
17121102.000000
17008594.000000
16709713.000000
16107739.000000
16695335.000000
16746635.000000
16656746.000000
16177353.000000
16865660.000000
16349800.000000
15700531.000000
16406562.000000
16551210.000000
16744303.000000
15956295.000000
15956060.000000
16608966.000000
16133084.000000
15745379.000000
16343272.000000
16938676.000000
16044408.000000
16288759.000000
16528335.000000
16194276.000000
16310377.000000
17158062.000000
16559167.000000
16171332.000000
16542739.000000
16463399.000000
16644291.000000
16562970.000000
16264908.000000
16239954.000000
15824112.000000
16178304.000000
15762934.000000
16561915.000000
16138876.000000
15653498.000000
16520943.000000
16401615.000000
15810120.000000
15606028.000000
16074487.000000
16529666.000000
16598457.000000
16286012.000000
17101912.000000
15989502.000000
15925587.000000
16619594.000000
16592906.000000
16678858.000000
16203546.000000
16504522.000000
16364276.000000
15974942.000000
16236110.000000
16601998.000000
15646714.000000
15768307.000000
15900081.000000
16175808.000000
16572076.000000
16158433.000000
16071877.000000
16279206.000000
17037482.000000
16130400.000000
16663975.000000
15992651.000000
16029054.000000
16189584.000000
16214238.000000
16302998.000000
16072433.000000
16600036.000000
16823412.000000
16262049.000000
15774880.000000
16635630.000000
16158818.000000
16262160.000000
16515803.000000
16791178.000000
16056007.000000
15280938.000000
15917414.000000
16548791.000000
15992636.000000
15973757.000000
16524140.000000
16445640.000000
16360956.000000
16487784.000000
16155883.000000
16059372.000000
16053551.000000
16704709.000000
16645438.000000
16212181.000000
16177330.000000
16461579.000000
16369541.000000
16225745.000000
15934618.000000
17104334.000000
16173679.000000
16144436.000000
16817184.000000
16066233.000000
15983005.000000
15719109.000000
15944990.000000
16590271.000000
16085140.000000
15703479.000000
16655949.000000
16407438.000000
16425443.000000
16141318.000000
16938724.000000
15995711.000000
16542393.000000
16236961.000000
15892523.000000
16202203.000000
16390109.000000
15855183.000000
16762848.000000
16144881.000000
16049873.000000
16087324.000000
16304017.000000
16230936.000000
16088339.000000
16775043.000000
16644303.000000
16186272.000000
16222336.000000
16252830.000000
16113311.000000
15514815.000000
16546074.000000
16253357.000000
15989055.000000
